CLA FARM PARITY AGE BCS0 BCS30 BCS45 BCS60 DISEASE SNP MILK
1 DPM 0 30 3 2.75 2.75 3 0 BB 22.768
1 DPM 0 29 3.5 2.75 3 3 0 BB 27.001
0 DPM 0 32 3 2.75 2.75 2.75 0 AB 23.857
1 DPM 0 29 3 2.75 3 3.25 0 AA 24.839
1 DPM 0 29 2.5 2.75 2.75 3.25 0 AA 23.682
1 DPM 0 31 3.25 3 3 3 0 AA 27.461
1 DPM 0 30 3.25 3 2.75 2.75 0 AB 16.964
0 DPM 0 30 3 2.75 2.75 2.75 0 BB 24.845
1 DPM 0 27 3.5 3.25 3.25 3.25 0 AB 22.313
1 DPM 0 27 3.25 2.5 2.5 2.5 0 AA 22.855
1 DPM 0 30 3 2.75 2.75 3 0 AA 25.115
1 DPM 0 28 2.75 2.75 2.75 2.75 0 AA 17.928
1 DPM 0 27 3.25 3 3 3 0 AA 23.207
1 DPM 0 28 3 2.75 2.75 2.75 0 AB 20.206
1 DPM 0 27 3 3 3 3 0 AB 23.068
1 DPM 0 27 3 3 3.25 3 0 AB 17.709
1 DPM 0 27 3.25 3.25 3.25 3 0 AB 18.974
1 DPM 0 29 3 3 3 2.75 0 AA 25.552
0 DPM 0 27 3 2.5 2.5 2.5 0 AB 20.579
1 DPM 0 27 3 2.5 2.5 2.75 0 AA 22.999
1 DPM 0 29 3 3 3 3 0 BB 31.024
0 DPM 0 26 3 2.75 2.75 2.75 0 AB 27.283
1 DPM 0 24 2.5 2.25 2.25 2.5 0 BB 20.827
1 DPM 0 24 3 3 3.25 3.25 0 AB 22.426
0 DPM 0 27 2.75 2.75 2.75 2.75 0 AB 29.672
1 DPM 0 25 3.25 2.75 2.75 3 0 AB 20.868
0 DPM 0 27 3 2.75 2.75 2.75 0 AB 24.97
1 DPM 0 24 3.25 2.75 3 2.75 0 AB 28.492
1 DPM 0 24 2.5 2.5 2.75 2.75 0 AB 22.659
0 DPM 0 27 3 2.75 2.75 2.75 0 AB 26.594
1 DPM 0 27 3 2.75 3 3 0 BB 29.608
1 DPM 0 24 2.5 2.75 2.75 2.75 0 AB 27.124
1 DPM 0 24 2.75 3 3 3.25 0 AA 17.348
1 DPM 1 53 2.75 2.25 2.25 2.5 0 AB 27.58
1 DPM 1 48 2.75 2.75 2.75 2.5 0 AA 27.281
1 DPM 1 47 2.5 2.75 2.75 2.5 0 AA 28.703
0 DPM 1 48 3 2.75 2.75 2.75 0 AB 26.632
1 DPM 1 45 2.75 2.25 2.75 2.75 0 AB 27.952
0 DPM 1 44 3 2.75 2.75 2.75 0 AA 33.788
1 DPM 1 47 3.25 3 2.75 2.75 0 AB 25.948
1 DPM 1 45 2.75 2.75 2.75 2.75 0 AB 24.811
1 DPM 1 43 2.5 2.75 2.75 2.75 0 AB 33.418
0 DPM 1 46 2.75 2.75 2.75 2.75 0 AA 39.458
1 DPM 1 44 3 3 2.75 2.75 0 AB 34.659
1 DPM 1 43 3.25 3 2.75 2.75 0 BB 34.742
1 DPM 1 42 2.75 2.75 2.75 2.75 0 AA 36.129
1 DPM 1 41 2.75 2.75 2.75 3 0 AB 32.122
1 DPM 1 42 3.25 2.75 3 3 0 AB 26.323
1 DPM 1 40 3.25 3 3 3 0 AB 27.045
0 DPM 1 41 3 2.5 2.5 2.25 0 AB 31.933
1 DPM 1 41 3 2.75 2.75 2.75 0 AA 31.043
1 DPM 1 41 2.75 2.75 2.75 2.75 0 AB 33.062
1 DPM 1 40 2.75 2.75 2.75 2.75 0 AA 19.727
1 DPM 1 40 2.75 2.75 3 3 0 AA 17.326
1 DPM 1 40 2.5 2.75 2.75 2.5 0 BB 15.39
1 DPM 1 39 2.75 2.75 2.75 2.75 0 AB 22.223
1 DPM 1 41 2.75 2.75 2.75 2.75 0 AB 23.39
0 DPM 1 40 2.5 2.75 2.75 2.75 0 AB 40.764
1 DPM 1 40 3 3 3 2.75 0 AB 29.47
1 DPM 1 39 2.25 2.25 2.75 2.75 0 AA 27.848
0 DPM 1 40 2.75 2.75 2.5 2.5 0 AA 30.884
1 DPM 1 39 2.75 2.75 3 3 0 AA 27.176
1 DPM 1 37 3.25 3 3 3 0 AB 28.232
1 DPM 1 38 3 3.25 3 3 0 BB 34.367
1 DPM 1 39 3 3 3.25 3.25 0 AA 24.306
1 DPM 1 39 3.25 3 3.5 3.5 0 AA 26.843
1 DPM 1 38 3 2.75 3 3 0 AB 25.172
1 DPM 1 38 3 2.5 2.75 2.75 0 AB 23.998
1 DPM 1 38 3 2.75 2.75 2.75 0 AA 32.971
1 DPM 1 36 3 2.5 2.5 2.75 0 BB 24.361
1 DPM 1 36 3.5 3 3 3 0 AB 33.733
1 DPM 1 37 3 3 3 3 0 BB 20.933
1 DPM 1 36 3 3 3 3.25 0 AB 25.321
0 DPM 1 70 2.5 2.5 2.5 2.5 0 AB 32.642
1 DPM 1 70 3 2.75 2.75 2.75 0 BB 31.081
1 DPM 1 65 3 2.75 2.75 2.75 0 AA 29.589
0 DPM 1 84 3.25 2.75 3 3 0 AA 48.268
1 DPM 1 84 2.75 2.75 3 2.75 0 AA 30.131
0 DPM 1 71 2.5 2.75 2.5 2.75 0 AB 35.799
1 DPM 1 69 3 2.5 2.5 2.5 0 AB 32.193
1 DPM 1 69 3 3 3 2.75 0 AB 27.254
1 DPM 1 67 3.25 2.75 2.75 3 0 AA 33.687
0 DPM 1 65 3 2.5 2.75 2.75 0 AB 37.302
1 DPM 1 64 3 2.75 3.25 3.5 0 AB 33.892
1 DPM 1 59 2.75 2.75 2.5 2.5 0 AB 30.411
1 DPM 1 58 3 3 3 3 0 AB 37.18
1 DPM 1 58 3 2.5 2.5 2.5 0 AB 19.947
1 DPM 1 56 3 2.75 2.75 2.5 0 AA 20.28
1 DPM 1 55 3.25 3.5 3.5 3.25 0 AB 25.883
1 DPM 1 55 3 2.5 2.5 2.75 0 AB 28.55
1 DPM 1 54 3 2.5 2.75 2.75 0 AB 25.47
1 DPM 1 55 2.5 2.75 2.75 2.75 0 AA 30.899
1 DPM 1 54 3 2.75 2.75 2.75 0 AB 27.423
1 DPM 1 52 2.75 2.75 2.75 3 0 AA 27.201
1 DPM 1 52 2.5 2.75 2.75 2.75 0 AA 24.339
0 DPM 1 55 2.5 2.75 2.5 2.5 0 AB 33.114
1 DPM 1 52 3 2.75 3 3 0 AA 22.137
0 DPM 1 54 2.75 2.75 2.75 2.75 0 AB 37.201
1 DPM 1 50 3 2.75 2.75 2.5 0 BB 27.318
1 DPM 1 49 2.5 2.5 2.75 2.75 0 AA 29.607
1 DPM 1 51 2.75 2.75 2.75 2.75 0 AB 30.785
1 DPM 1 50 3 2.75 2.75 2.75 0 AB 34.352
1 DPM 1 49 3.25 3 3 3 0 AB 26.859
1 DPM 1 49 3.25 3 3 2.75 0 AB 30.895
1 DPM 1 47 3.25 2.75 3.25 3 0 AB 32.549
0 FBU 0 36 2.5 2.5 3 3.25 0 AA 10.094
0 FBU 0 36 2.5 2.5 2.5 2.5 0 AA 14.726
0 FBU 0 35 2.75 2.75 2.75 2.75 0 BB 11.994
0 FBU 0 35 2.5 2.75 2.75 2.5 0 AA 14.568
0 FBU 0 33 2.25 2.5 2.75 2.75 0 AA 10.498
0 FBU 0 33 2.75 2.75 2.75 2.75 0 AA 11.82
1 FBU 0 33 2.25 2.25 2.5 2.5 0 AA 12.576
0 FBU 0 33 2.5 2.5 2.5 2.5 0 AB 13.338
0 FBU 0 33 2.25 2.25 2.75 2.75 0 BB 10.078
1 FBU 0 33 2.25 2.75 2.75 2.75 0 AB 12.96
0 FBU 0 33 2.5 2.75 2.75 2.5 0 AB 10.512
0 FBU 0 32 2.25 2.5 2.5 2.5 0 AA 9.873
0 FBU 0 33 2.5 2.75 3 2.75 0 AB 10.33
1 FBU 0 32 2.75 2.75 2.75 2.75 0 AA 9.678
1 FBU 0 30 2.5 2.5 2.75 2.75 0 AA 11.664
0 FBU 0 33 2.5 2.75 2.75 2.5 0 AB 12.194
1 FBU 1 57 2 2.5 2.5 2.5 0 AA 8.788
1 FBU 1 51 2.25 2.25 2.25 2.5 0 AB 18.736
0 FBU 1 48 2.25 2.25 2.25 2.25 0 AA 14.248
0 FBU 1 48 2 2.25 2.25 2.5 0 AB 18.758
0 FBU 1 49 2.5 2.75 2.75 2.75 0 AB 18.476
0 FBU 1 48 2.25 2 2 2.25 0 AB 13.794
1 FBU 1 48 2.5 2.5 2.5 2.5 0 AB 8.508
1 FBU 1 48 2.75 2.75 3 3 0 AB 14.548
0 FBU 1 47 2.25 2.25 2.25 2.25 0 AB 10.17
1 FBU 1 47 2 2.5 2.5 2.75 0 BB 16.002
0 FBU 1 47 2.5 2.5 2.5 2.5 0 AA 12.996
1 FBU 1 45 2.25 2.5 2.5 2.5 0 AB 12.874
1 FBU 1 43 2.25 2.5 2.75 2.75 0 AA 11.82
1 FBU 1 70 2.5 2.25 2.25 2.25 0 BB 22.666
1 FBU 1 62 2.5 2.25 2.5 2.5 0 AB 22.88
1 FBU 1 60 2.25 2.25 2.5 2.5 0 BB 13.98
0 FBU 1 60 2.5 2.5 2.75 2.75 0 AB 18.402
0 FBU 1 60 2.5 2.25 2.25 2.5 0 AB 16.37
1 FBU 1 59 2 2.25 2.5 2.5 0 AB 12.288
1 FBU 1 59 2.5 2.5 2.75 2.75 0 BB 13.932
1 FBU 1 59 2.25 2.25 2.25 2.5 0 AB 20.472
0 FBU 1 59 2.25 2.25 2.25 2.25 0 AB 15.836
0 FBU 1 58 2.25 2.25 2.25 2.5 0 BB 20.032
1 FBU 1 58 2.5 2.5 2.75 2.75 0 AB 15.222
1 FBU 1 58 2.5 2.25 2.25 2.25 0 BB 17.214
1 FBU 1 57 2.5 2.5 2.5 2.75 0 AA 9.54
0 FBU 1 59 2.75 2.5 2.25 2.25 0 AA 19.992
1 GEA 0 45 2.5 2.5 2.5 2.75 0 AB 13.38
1 GEA 0 43 3.25 3 3 3 0 AB 17.47
0 GEA 0 43 2.75 2.75 2.75 2.75 1 AA 16.27
1 GEA 0 43 3 2.75 3 3 0 BB 16.64
1 GEA 0 43 2.5 2.75 2.75 2.75 0 AB 15.88
0 GEA 0 42 3 3 2.75 2.75 1 AB 16.4
1 GEA 0 42 3 2.5 2.75 2.75 0 AB 18.01
0 GEA 0 38 3 3 3 3 0 AB 15.49
0 GEA 0 37 2.75 2.75 2.75 2.75 0 AA 13.685
0 GEA 0 37 3 2.75 2.75 3 0 AB 15.7
0 GEA 0 37 2.75 2.5 2.75 2.75 0 AB 12.72
0 GEA 0 37 2.5 2.75 2.75 2.75 0 AB 15.43
1 GEA 0 37 2.5 2.5 2.5 2.5 0 AB 15.31
0 GEA 0 38 2.75 2.25 2.25 2.75 0 AA 14.05
1 GEA 0 38 2.75 2.5 2.5 2.5 0 AA 13.33
0 GEA 0 37 2.5 2.75 2.75 2.75 0 AA 13.45
0 GEA 0 37 3 2.75 2.75 2.75 0 AB 16.74
1 GEA 0 37 2.75 2.5 2.75 3 0 AB 14.46
0 GEA 0 37 3.25 2.5 2.75 2.75 0 BB 14.92
0 GEA 0 36 3 3 3 3 1 AB 16.27
0 GEA 0 38 3 2.75 2.75 2.75 0 BB 15.14
1 GEA 0 37 2.5 2.75 2.75 3 0 AA 14.57
0 GEA 0 37 3 2.75 3 2.75 1 BB 13.02
1 GEA 0 36 2.75 3 2.75 2.5 0 AA 12.285
0 GEA 0 36 2.5 2.5 2.5 2.5 1 AB 14.46
1 GEA 0 36 3 3 3 3 1 AB 12.39
0 GEA 0 36 2.5 3.5 2.5 2.5 0 BB 10.74
0 GEA 0 36 2.5 2.5 2.5 2.75 0 AA 13.82
0 GEA 0 36 2.5 3 2.75 2.5 0 AB 13.215
0 GEA 0 36 2.5 3 2.75 2.75 0 AA 14.71
0 GEA 0 37 3 2.75 2.75 2.75 0 AA 12.06
0 GEA 0 36 3.25 2.75 3 2.75 0 AB 13.22
0 GEA 0 36 2.75 2.75 2.5 2.75 0 AB 13.02
0 GEA 0 36 2.5 2.5 2.5 2.75 0 AA 11.5
0 GEA 0 35 2.75 2.5 2.5 2.5 0 BB 11.65
1 GEA 0 35 2.75 3 3 2.75 0 AB 11.63
1 GEA 0 35 2.75 2.75 2.5 2.5 0 AB 14.35
0 GEA 0 35 2.75 2.5 2.5 2.5 1 AA 7.14
1 GEA 0 35 2.5 2.5 2.75 2.75 0 AB 12.92
0 GEA 0 36 3 2.75 2.75 3 0 AB 9.92
0 GEA 0 36 2.75 2.5 2.75 3 0 AB 12.62
0 GEA 0 36 2.75 2.5 2.5 2.75 0 AA 14.21
0 GEA 0 35 2.5 2.5 2.5 2.75 0 AB 11.37
1 GEA 0 35 2.75 2.5 2.75 2.75 0 AA 13.91
1 GEA 0 35 2.75 2.5 2.75 2.75 0 AB 13.03
0 GEA 0 36 2.75 2.75 2.75 2.75 0 AB 17.17
0 GEA 0 34 2.75 3 3 2.75 0 AB 12.62
1 GEA 0 36 2.75 2.75 2.5 2.5 0 AA 14.755
0 GEA 0 35 2.75 2.5 2.5 2.75 0 AB 10.02
0 GEA 0 35 2.5 2.75 2.5 2.75 0 AB 9.96
1 GEA 0 34 2.5 2.75 2.5 2.75 0 BB 15.13
0 GEA 0 34 2.75 2.5 2.75 2.75 0 AA 10.16
0 GEA 0 34 3 2.75 2.75 2.5 0 AB 14.65
0 GEA 0 35 3 3 3 3 0 AA 12.3
1 GEA 1 59 2.75 2.5 2.5 2.75 0 AB 19.55
1 GEA 1 56 3 3.25 3 3 0 AA 21.98
1 GEA 1 55 2.75 2.75 2.75 2.5 0 AB 18.56
1 GEA 1 54 2.75 2.5 2.75 2.75 0 AA 21.39
1 GEA 1 54 3 3 2.75 2.5 0 AA 11.7
1 GEA 1 48 2.5 2.75 2.75 2.75 0 AB 17.44
1 GEA 1 61 2.75 2.75 2.75 3 0 AB 21.51
0 GEA 1 50 2.75 2.75 2.75 2.5 0 AA 21.54
0 GEA 1 50 2.75 2.5 2.75 2.75 0 AB 21.18
1 GEA 1 49 3.25 2.75 2.75 2.75 0 AB 22.78
0 GEA 1 49 3 2.75 2.75 2.75 0 BB 20.99
0 GEA 1 49 2.75 2.5 2.75 2.75 0 AB 18.87
1 GEA 1 46 2.5 2.75 2.5 2.5 0 BB 14.435
0 GEA 1 49 3.5 2.75 2.75 2.75 1 AB 19.8
0 GEA 1 49 2.75 2.5 2.5 2.5 0 AB 17.67
1 GEA 1 46 2.75 2.25 2.25 2.75 0 BB 16.74
1 GEA 1 47 2.75 2.5 2.75 2.75 0 AB 15.46
1 GEA 1 45 2.5 2.5 2.75 2.75 0 AB 17.88
1 GEA 1 47 3.25 3 3 3 0 AB 19.2
0 GEA 1 46 3 2.75 3 2.75 0 BB 16.71
1 GEA 1 46 3.25 2.75 2.75 2.5 0 AB 19.32
0 GEA 1 46 2.75 2.75 2.75 2.75 0 AB 23.025
1 GEA 1 43 2.75 2.75 2.75 2.5 0 AA 18.63
1 GEA 1 70 2.75 2.5 2.5 2.5 0 AB 18.91
0 GEA 1 63 3 2.75 2.75 2.5 1 AB 23.345
0 GEA 1 59 2.5 2.25 2.75 2.75 0 AA 20.725
1 GEA 1 60 3 3 3 2.75 0 AB 21
0 GEA 1 59 2.5 2.5 2.5 2.5 1 AB 14.805
0 GEA 1 58 3.25 3 3 3 1 AA 18.7
1 GEA 1 57 2.75 2.5 2.5 2.5 0 AA 18.98
1 GEA 1 57 3.25 3 2.75 3 0 BB 13.89
1 GEA 1 56 3 2.75 2.75 2.75 0 BB 16.89
0 GEA 1 58 3.25 2.75 2.75 2.75 0 BB 26.14
0 GEA 1 58 3.25 2.75 2.75 2.5 0 AA 21.03
1 GEA 1 55 2.75 2.5 2.75 2.75 0 AB 22.34
0 HDB 0 37 2.75 2.75 2.75 2.75 0 AB 17.853
0 HDB 0 37 2.5 2.75 2.75 2.75 0 AA 12.378
1 HDB 0 34 2.5 2.5 2.75 2.75 0 BB 19.028
0 HDB 0 35 2.75 2.5 2.5 2.5 0 AA 19.825
1 HDB 0 35 2.75 2.5 2.5 2.5 0 AA 20.02
0 HDB 0 33 2.75 2.5 2.5 2.5 0 AA 18.664
0 HDB 0 33 2.5 2.5 2.5 2.5 0 AA 18.171
0 HDB 0 33 2.5 2.5 2.5 2.5 0 BB 17.751
0 HDB 0 26 3 2.5 2.75 2.5 0 AA 19.241
1 HDB 0 25 2.5 2.75 2.75 2.75 0 AB 17.157
1 HDB 0 26 3.25 2.75 2.75 2.5 0 AA 18.524
0 HDB 0 24 2.5 2.5 2.5 2.5 0 BB 15.065
1 HDB 0 25 2.75 2.5 2.5 2.5 0 AB 19.536
1 HDB 0 25 2.75 2.75 2.75 2.75 0 AB 17.67
1 HDB 0 24 2.5 2.75 3 3 0 AA 11.687
0 HDB 0 24 2.75 2.5 2.5 2.5 0 AB 11.404
1 HDB 0 23 2.5 2.25 2.5 2.5 0 AB 14.06
1 HDB 0 23 2.5 2.75 2.75 2.75 0 AB 12.74
0 HDB 0 25 3 2.5 2.75 2.75 0 AA 18.058
0 HDB 0 24 2.75 2.75 2.75 2.75 0 AB 14.939
0 HDB 0 24 2.25 2.25 2.25 2.25 0 AA 15.431
0 HDB 0 23 2.5 2.5 2.5 2.5 0 AB 10.46
0 HDB 0 24 2.5 2.25 2.25 2.25 0 AB 19.045
0 HDB 0 25 2.75 2.5 2.75 2.75 0 AB 22.224
0 HDB 0 23 2.5 2.75 2.25 2.25 0 BB 16.009
0 HDB 0 23 2.5 2.75 2.75 2.5 0 AB 12.88
0 HDB 0 24 2.5 2.5 2.5 2.5 0 AA 12.99
1 HDB 0 26 3 3 3 2.75 0 AB 17.084
0 HDB 0 25 3 2.5 2.75 2.75 0 AA 19.789
0 HDB 0 23 2.5 2.5 2.5 2.5 0 AB 12.756
1 HDB 0 24 3 2.75 2.75 2.75 0 BB 16.823
0 HDB 0 23 2.25 2.5 2.5 2.5 0 AB 15.349
0 HDB 0 24 2.75 2.5 2.75 2.5 0 AB 13.407
1 HDB 0 24 2.5 2.5 2.5 2.75 0 AA 13.978
1 HDB 0 25 3.25 2.75 2.75 2.5 1 AA 17.748
0 HDB 0 25 3.25 2.75 2.75 2.5 0 BB 18.612
1 HDB 0 23 2.5 2.5 2.5 2.5 0 AA 14.124
0 HDB 0 24 3 3.25 3.25 3.25 0 AB 20.259
0 HDB 0 25 3.25 2.5 2.5 2.5 1 AB 18.138
0 HDB 0 25 3.25 3 3 2.5 0 AA 18.324
0 HDB 0 25 3.25 2.5 2.75 2.5 0 AB 19.198
1 HDB 0 22 2.25 2.75 2.75 2.75 0 AB 9.462
0 HDB 0 25 3.25 2.5 2.75 2.75 0 AA 17.042
0 HDB 0 25 2.75 2.5 2.5 2.5 0 AA 20.932
1 HDB 0 23 2.25 2.75 2.75 2.75 0 AA 15.165
0 HDB 0 24 2.75 2.5 2.5 2.5 0 AB 17.43
0 HDB 1 57 2.25 2.25 2.25 2.5 1 AA 19.338
0 HDB 1 50 3 2.75 2.75 2.75 0 AA 28.067
0 HDB 1 48 2.5 2.5 2.5 2.5 0 BB 21.183
1 HDB 1 49 3.25 2.5 2.5 2.75 0 AB 25.356
1 HDB 1 49 2.5 2.75 3 3 0 AA 23.854
1 HDB 1 48 3 2.75 2.75 2.75 0 AA 21.022
1 HDB 1 49 3 3 3 3.25 0 BB 17.606
1 HDB 1 39 3 2.75 2.75 2.75 0 AA 20.778
0 HDB 1 36 2.5 2.25 2.5 2.5 0 AA 17.372
0 HDB 1 39 3 2.75 2.75 2.75 0 AA 22.156
1 HDB 1 36 2.25 2.25 2.5 2.75 0 AB 18.416
1 HDB 1 37 2.5 2.75 2.75 2.75 0 AB 18.517
1 HDB 1 38 2.75 2.75 2.75 2.75 0 AA 16.761
1 HDB 1 38 3 2.75 2.75 2.5 0 AB 23.73
1 HDB 1 35 2.5 2.5 2.5 2.5 0 AA 16.586
1 HDB 1 36 2.75 2.75 2.75 2.75 0 BB 22.491
1 HDB 1 36 3 3 2.5 2.5 0 BB 16.044
1 HDB 1 74 2.75 2.75 3 3 0 AB 26.379
1 HDB 1 73 3.25 3.25 3.25 3 0 AA 27.3
0 HDB 1 74 3.25 2.75 3 2.75 1 AB 28.126
0 HDB 1 72 2.75 2.5 2.75 2.75 0 AA 22.214
0 HDB 1 71 2 2.25 2.5 2.5 0 AB 25.69
1 HDB 1 71 3 2.5 2.5 2.75 0 AB 24.686
0 HDB 1 71 3 2.75 2.75 2.75 0 AA 28.479
1 HDB 1 71 3.5 3.25 3.25 3.25 0 BB 24.13
1 HDB 1 69 3 2.5 3 3 1 BB 23.165
1 HDB 1 69 2.75 2.75 2.75 3 0 BB 24.646
0 HDB 1 68 2 2.25 2.25 2.5 0 AA 16.28
0 HDB 1 62 2.5 2.25 2.5 2.5 0 BB 21.182
1 HDB 1 60 2.5 2.5 2.5 2.5 0 AA 20.563
1 HDB 1 61 3.25 2.75 3 3 0 AA 22.617
1 HDB 1 61 2.75 2.75 2.75 2.75 0 AB 22.013
1 HDB 1 61 2.5 3 3.25 3.25 0 AA 24.561
1 HDB 1 61 3 2.5 2.75 2.5 0 AB 23.888
1 HDB 1 62 3.5 3.25 3.25 3.5 0 BB 27.72
1 HDB 1 59 2.25 2.25 2.25 2.5 0 AA 20.186
1 HDB 1 59 2.5 2.5 2.5 2.75 0 AA 17.766
1 HDB 1 59 2.25 2.25 2.5 3 0 AB 20.804
0 HDB 1 61 3.25 2.5 2.5 2.75 0 AB 27.604
0 HDB 1 60 3.25 2.75 2.75 2.75 0 AA 25.212
1 HDB 1 56 2.5 2.5 2.5 3 0 AB 17.082
1 HDB 1 56 2.25 2.5 2.5 2.5 1 BB 20.172
0 HDB 1 55 2 2 2.25 2.5 1 AB 13.786
1 HDB 1 57 3 2.5 2.5 2.5 0 AB 25.443
1 HDB 1 48 2.25 2.25 2.25 2.5 0 BB 16.676
0 HDB 1 49 3 3 3 3 0 BB 27.654
0 HDB 1 51 3.25 3.25 3.25 3.5 0 BB 28.28
0 HDB 1 49 3 2.75 2.75 3 0 AB 28.05
1 IDB 0 45 3 2.75 2.75 2.75 0 AA 20.73
0 IDB 0 36 3.5 2.75 2.75 2.75 1 AB 22.635
1 IDB 0 35 3.25 3 3 2.75 0 BB 24.84
0 IDB 0 35 2.75 2.75 2.75 2.75 1 AB 28.54
1 IDB 0 34 2.5 3 3 2.5 0 AB 24.405
1 IDB 0 35 3 3 2.75 2.75 0 AA 17.36
1 IDB 0 35 3.25 3 3 3 0 AB 23.44
1 IDB 0 34 3.25 3 3 2.75 0 AB 14.915
1 IDB 0 33 2.25 3 3 3 0 AB 18.275
1 IDB 0 33 3 3 3 2.75 0 AB 14.87
1 IDB 0 33 3.25 3 3 3 0 AA 21.3
1 IDB 0 34 3.25 3 3 3 1 AA 22.295
1 IDB 0 33 3.25 3 3 2.75 1 AB 13.825
0 IDB 0 33 3 2.5 2.5 2.5 1 AB 26.04
1 IDB 0 32 2.75 3.25 3.25 3 1 BB 20.49
1 IDB 0 33 3.25 2.5 2.5 2.5 1 AB 25.525
1 IDB 0 32 2.75 3 3 3 1 AB 16.74
0 IDB 0 32 3 2.5 2.5 2.5 0 AA 17.1
1 IDB 0 32 3 3.25 3.25 2.75 0 AB 20.195
1 IDB 0 32 2.75 2.75 2.75 2.5 0 AB 21.425
1 IDB 0 32 3.25 2.75 2.75 2.5 1 AB 16.455
1 IDB 0 32 2.75 2.5 2.5 2.5 1 AB 17.145
1 IDB 0 32 2.75 2.75 2.75 2.5 1 BB 17.195
1 IDB 0 33 3.5 2.75 2.75 2.5 0 BB 26.745
1 IDB 0 32 3 2.5 2.5 2.5 1 AA 22.63
1 IDB 0 31 2.75 3.25 3.25 3.5 0 AB 8.58
1 IDB 0 31 3.25 2.75 2.75 2.75 0 AA 23.275
0 IDB 0 32 3 2.5 2.75 2.75 1 BB 22.385
1 IDB 0 31 3.25 2.75 3 2.75 0 AB 18.81
1 IDB 0 31 2.75 2.75 2.75 2.75 0 AA 23.06
1 IDB 0 30 3 2.75 2.75 2.5 0 BB 17.025
1 IDB 0 30 3.25 2.75 3 2.75 0 AB 20.86
1 IDB 0 30 3.5 3.25 2.75 2.75 0 BB 16.205
1 IDB 0 30 3.25 3 3 2.75 1 AA 16.605
1 IDB 0 30 3 2.75 2.75 2.75 1 BB 18.6
1 IDB 0 29 2.5 2.75 2.75 2.75 0 AB 23.43
1 IDB 0 29 3.25 3 3 3 0 AA 20.76
1 IDB 0 29 2.75 2.75 2.75 3 0 AB 18.72
1 IDB 0 30 3.25 2.75 2.75 2.75 0 AB 20.77
1 IDB 0 42 3 2.5 2.5 2.5 1 AA 16.19
1 IDB 0 36 3.5 2.5 2.5 2.75 0 BB 22.915
1 IDB 0 36 2.75 2.75 2.5 2.5 1 BB 19.23
1 IDB 0 36 3 2.5 3 3 0 BB 16.385
1 IDB 0 36 2.5 3.25 3.25 3 1 AA 21.39
1 IDB 0 36 2.5 2.75 2.75 2.75 1 AB 22.265
1 IDB 0 36 2.75 2.75 2.75 2.75 1 AB 19.715
1 IDB 0 35 2.5 3.25 3.25 2.75 0 AB 20.795
1 IDB 0 35 2.5 2.75 2.75 2.5 0 AA 21.94
1 IDB 0 35 2.75 2.5 2.75 2.75 1 AB 19.885
1 IDB 0 34 2.5 3.25 3.25 3 1 AA 16.26
1 IDB 0 34 3 2.75 2.75 2.75 1 AB 21.75
1 IDB 0 34 3.25 3 3 2.75 1 BB 17
1 IDB 0 34 2.5 2.75 2.75 2.75 1 AB 21.04
1 IDB 0 34 3.25 3 3 3 0 BB 22.035
1 IDB 0 34 2.75 2.5 2.5 2.5 0 AB 21.615
0 IDB 0 34 3.5 3 3.25 3 1 BB 25.91
1 IDB 0 34 3 3 3 3 1 AB 20.825
1 IDB 0 33 2.75 2.5 2.5 2.5 0 AB 21.485
1 IDB 0 34 3.25 3 2.75 2.75 1 AB 20.255
1 IDB 0 34 2.5 2.75 2.75 2.75 0 AB 19.53
1 IDB 0 33 2.5 3 3 3 1 AB 13.3
1 IDB 0 33 2.5 2.5 2.75 2.75 1 AB 19.165
1 IDB 0 34 3 2.75 2.75 2.75 0 AA 19.625
1 IDB 0 34 2.75 2.75 2.75 2.75 0 BB 21.585
1 IDB 0 33 2.75 2.5 2.5 2.75 0 AA 22.6
1 IDB 0 33 3.25 2.75 2.75 2.75 1 AB 22.455
1 IDB 0 32 3.5 3.5 3.25 3.25 1 AA 20.045
1 IDB 0 32 2.5 2.75 2.75 3 0 AB 7.72
1 IDB 0 31 2.5 2.5 2.5 2.75 0 AB 21.115
1 IDB 0 32 3 3 3.25 3.25 1 AA 18.6
1 IDB 0 32 2.75 2.5 2.5 2.5 0 AA 24.695
1 IDB 0 32 3 3 3 3 0 AA 19.21
1 IDB 0 32 3.25 3 2.75 2.75 0 AB 22.32
1 IDB 0 32 3.5 3.25 3.25 2.75 0 AB 19.89
1 IDB 0 32 3 2.5 2.5 2.5 0 AB 19.93
1 IDB 0 30 3 2.75 2.75 2.75 1 AA 22.09
1 IDB 1 60 2.25 2.5 2.5 2.5 0 AA 22.175
1 IDB 1 58 3.25 3 3 2.75 0 AB 27.97
1 IDB 1 57 3.5 2.75 3.25 3 1 BB 23.29
1 IDB 1 56 2.75 3 3 3 1 BB 25.76
1 IDB 1 48 2.5 2.5 2.5 2.75 1 AA 17.93
1 IDB 1 49 2.5 2.75 2.75 2.75 0 AA 24.435
0 IDB 1 48 2.25 2.5 2.5 2.5 0 AB 26.97
1 IDB 1 48 2.75 2.5 2.75 2.75 0 AA 24.69
1 IDB 1 48 2.5 2.5 2.5 2.5 0 AA 27.03
1 IDB 1 48 3.25 2.75 3 3 0 AA 21.275
1 IDB 1 49 2.75 2.75 2.5 2.5 0 AB 24.72
1 IDB 1 47 3 3 3.5 3.5 0 AA 23.315
1 IDB 1 47 3 2.75 2.75 2.5 0 AB 23.115
1 IDB 1 45 2.5 2.5 2.75 2.75 1 AB 20.555
0 IDB 1 45 2.5 2.5 2.5 2.5 0 AA 27.235
1 IDB 1 44 2.5 2.5 2.5 2.5 0 AA 19.515
1 IDB 1 44 2.75 2.75 3 3 0 AA 23.775
1 IDB 1 43 2.5 2.5 2.5 2.75 1 AA 21.405
1 IDB 1 44 2.75 3 3 3.25 0 BB 24.795
1 IDB 1 43 2.75 2.75 2.5 2.5 0 BB 22.225
1 IDB 1 42 2.5 2.5 2.5 2.75 1 AA 23.175
1 IDB 1 43 2.5 3.25 3.25 3.25 0 BB 19.3
1 IDB 1 44 3.25 3 2.75 2.75 1 AB 24.74
1 IDB 1 42 2.5 2.5 2.5 3.25 1 AA 22.01
0 IDB 1 42 2.5 2.5 2.5 2.5 0 AA 20.45
1 IDB 1 56 2.75 2.5 2.5 2.5 0 AB 17.395
1 IDB 1 50 3.25 3 3 2.75 1 BB 16.01
1 IDB 1 49 3 3 3 3 0 AB 20.855
1 IDB 1 50 2.5 2.75 2.5 2.75 0 AB 22.695
1 IDB 1 48 2.75 3 2.75 2.75 1 AB 23.62
0 IDB 1 48 2.5 2.75 2.75 2.5 0 AB 24.11
1 IDB 1 48 2.25 2.5 2.5 2.75 0 BB 22.865
1 IDB 1 48 2.75 2.5 2.5 2.75 0 AB 11.6
1 IDB 1 49 3 2.75 3 3 1 BB 24.435
1 IDB 1 49 3 2.75 2.75 2.5 1 AB 25.25
1 IDB 1 48 2.75 2.75 2.75 2.75 1 AA 24.71
1 IDB 1 46 2.5 2.5 2.5 2.5 1 AA 21.25
1 IDB 1 45 2.75 2.5 2.5 2.5 0 AB 23.275
1 IDB 1 46 3.25 3 3 3.25 0 AA 23.68
1 IDB 1 44 2.75 3 3 3 1 AB 13.15
1 IDB 1 44 2.75 2.75 2.75 3 0 AB 25.76
1 IDB 1 42 2.5 2.75 2.75 3 0 AA 20.055
1 IDB 1 43 2.5 2.5 2.5 2.75 1 AA 23.325
1 IDB 1 81 2.75 2.5 2.5 2.5 0 AA 23.34
1 IDB 1 74 2.5 2.75 2.5 2.75 0 BB 28.3
1 IDB 1 71 2.5 2.5 2.5 2.5 1 BB 24.33
1 IDB 1 70 2.5 2.75 2.75 2.5 1 AB 22.31
0 IDB 1 70 3.5 3.25 3.25 3 1 AB 26.995
1 IDB 1 68 3 3 2.75 2.75 0 AB 24.95
0 IDB 1 66 3.25 2.5 2.75 2.75 0 AB 21.7
1 IDB 1 67 3 3 3 2.75 1 AA 17.925
1 IDB 1 62 3.5 3.25 2.75 3 0 AB 27.94
0 IDB 1 56 3.25 3.25 3.25 3 1 AB 18.565
1 IDB 1 67 2.25 2.75 2.75 2.75 1 AB 18.715
1 IDB 1 57 2.5 3.25 3.25 3 0 AB 19.58
1 IDB 1 58 3.5 2.75 3 2.75 0 AB 27.065
0 IIB 0 45 2.5 2.25 2.5 2.5 1 BB 16.82
1 IIB 0 45 2.75 2.75 2.75 2.75 1 AA 22.195
1 IIB 0 44 3 2.75 2.75 2.75 1 AB 21.409
1 IIB 0 44 3.5 2.75 2.5 2.5 1 AA 20.195
1 IIB 0 37 2.75 2.75 2.75 2.75 1 AB 19.258
1 IIB 0 36 2.25 2.25 2.5 2.75 1 AA 17.136
1 IIB 0 39 3.5 3 3 3 1 AB 22.68
1 IIB 0 36 2.5 2.25 2.5 2.5 0 AB 20.568
1 IIB 0 38 2.5 2.25 2.5 2.5 0 AB 21.462
0 IIB 0 36 2.5 2.25 2.5 2.5 1 BB 13.939
1 IIB 0 36 2.75 2.75 2.75 2.75 0 AB 19.999
0 IIB 0 36 2.75 2.75 2.75 2.75 1 AA 25.966
1 IIB 0 35 3 2.75 2.5 2.5 0 AA 23.045
1 IIB 0 35 3 3 3 3 0 AA 22.236
1 IIB 0 35 2.75 2.5 2.5 2.5 0 BB 21.144
1 IIB 0 35 2.75 2.75 2.75 2.75 1 BB 21.914
1 IIB 0 35 2.5 2.25 2.5 2.5 0 AA 25.133
1 IIB 0 35 2.75 2.75 2.75 2.75 1 AB 19.216
1 IIB 0 35 2.5 2.25 2.5 2.5 0 AA 24.91
1 IIB 0 34 2.75 2.5 2.75 2.75 0 AB 19.591
1 IIB 0 34 2.5 2.5 2.5 2.5 1 AB 21.728
0 IIB 0 34 2.5 2.25 2.5 2.5 1 AB 19.509
0 IIB 0 34 3 2.75 2.75 2.5 1 AA 12.848
0 IIB 0 34 3 2.75 2.5 2.5 1 AA 20.887
0 IIB 0 34 3 2.75 2.75 2.5 0 AB 19.274
0 IIB 0 34 2.75 2.75 2.75 2.75 1 AB 24.909
1 IIB 0 33 3 2.75 2.5 2.5 0 AA 19.543
1 IIB 0 33 3 2.75 3 3 0 AB 19.264
1 IIB 0 34 2.75 2.75 2.75 2.75 0 BB 20.393
1 IIB 0 32 2.5 2.5 2.75 3 0 AB 18.996
1 IIB 0 32 2.5 2.5 2.5 2.5 0 AB 18.192
0 IIB 0 33 2.75 2.75 2.75 2.75 1 AB 21.808
0 IIB 0 31 2.5 2.5 2.5 2.5 1 AB 17.276
1 IIB 0 32 3 3 3 3 1 AB 19.696
0 IIB 0 32 2.5 2.25 2.5 2.5 0 AA 21.647
1 IIB 0 31 2.75 2.5 2.5 2.5 0 AA 20.782
0 IIB 0 31 3 2.75 2.75 2.5 1 AB 13.735
1 IIB 0 31 3 2.75 2.75 2.5 1 AA 18.976
1 IIB 0 31 2.75 2.75 2.75 2.75 0 AB 21.782
1 IIB 0 32 3.5 3.5 3.5 3.5 0 AB 20.725
1 IIB 0 31 2.75 2.5 2.5 2.75 1 AB 19.895
0 IIB 0 31 3.25 3 3 2.5 0 AA 20.62
0 IIB 0 31 2.75 2.75 2.75 2.75 1 AB 21.189
0 IIB 0 25 2.5 2.25 2.5 2.5 0 AA 16.876
0 IIB 0 26 2.75 2.5 2.5 2.5 1 AA 16.73
1 IIB 0 26 2.75 2.5 2.5 2.5 0 AB 21.074
1 IIB 0 25 2.75 2.75 2.75 2.75 1 AB 17.663
0 IIB 0 25 2.75 2.75 2.75 2.75 0 AA 17.882
0 IIB 0 25 2.5 2.25 2.5 2.5 1 AB 14.225
0 IIB 0 25 2.5 2.25 2.5 2.5 0 AB 15.032
0 IIB 0 25 2.75 2.5 2.5 2.5 0 AB 22.335
0 IIB 0 24 2.5 2.25 2.5 2.5 1 AB 18.334
0 IIB 0 25 2.5 2.25 2.5 2.5 0 AB 15.639
0 IIB 0 26 2.5 2.5 2.75 2.75 1 AA 23.434
0 IIB 0 25 2.5 2.25 2.5 2.5 1 AA 15.754
1 IIB 0 25 2.75 2.5 2.5 2.5 1 AB 16.514
1 IIB 0 25 2.5 2.5 2.75 2.75 0 BB 16.61
0 IIB 0 26 2.5 2.25 2.5 2.5 0 AA 15.143
0 IIB 0 24 2.25 2.25 2.25 2.25 1 BB 15.948
1 IIB 0 24 2.5 2.25 2.5 2.5 1 AA 23.538
1 IIB 0 25 2.75 2.5 2.5 2.5 1 AA 23.496
1 IIB 0 25 2.75 2.5 2.5 2.5 1 AA 17.832
1 IIB 0 25 2.75 2.5 2.5 2.75 0 AA 15.633
1 IIB 0 24 2.75 2.75 2.75 2.75 0 AB 19.877
0 IIB 0 24 2.75 2.75 2.75 2.75 0 AB 12.797
0 IIB 0 25 3 2.75 2.75 2.5 1 AA 12.564
0 IIB 0 25 2.75 2.5 2.5 2.75 1 AA 19.371
0 IIB 0 24 2.75 2.75 2.75 2.75 1 AB 19.919
0 IIB 0 24 2.75 2.5 2.5 2.5 1 AB 15.98
0 IIB 0 24 2.5 2.25 2.5 2.5 0 AB 16.087
0 IIB 0 25 2.5 2.25 2.5 2.5 1 AB 21.468
0 IIB 0 25 2.75 2.75 2.75 2.75 1 AB 20.912
0 IIB 0 24 3 2.75 2.75 2.5 0 AB 17.198
0 IIB 0 24 2.25 2.25 2.25 2.5 1 AA 14.642
0 IIB 0 23 2.5 2.25 2.5 2.5 0 AA 21.04
1 IIB 0 23 2.75 2.5 2.5 2.5 1 AA 19.213
1 IIB 1 60 2.5 2.5 2.25 2.5 1 AA 23.97
1 IIB 1 62 3 2.75 2.75 2.75 0 AA 26.598
1 IIB 1 60 3.5 3.25 3 3 0 AB 22.952
0 IIB 1 60 3 2.75 2.5 2.5 0 AB 24.355
0 IIB 1 61 2.75 2.5 2.5 2.5 0 AB 23.995
1 IIB 1 60 3.25 3 3 3 0 AA 33.165
1 IIB 1 57 3 2.75 2.5 2.5 1 AA 25.109
1 IIB 1 58 3.5 3.25 3 3 1 AA 24.835
0 IIB 1 57 2.5 2.25 2.5 2.5 0 AA 26.252
1 IIB 1 55 3.25 2.75 2.75 2.75 0 AB 22.12
1 IIB 1 51 3.25 2.75 2.75 2.75 0 AA 21.919
0 IIB 1 49 3 2.75 2.5 2.5 0 AB 22.303
1 IIB 1 49 3 2.5 2.5 2.5 0 AB 27.131
0 IIB 1 50 2.5 2.75 2.75 2.75 1 AB 26.753
0 IIB 1 48 3 2.75 2.5 2.5 0 AA 19.923
1 IIB 1 47 2.75 2.5 2.5 2.5 1 AB 26.749
0 IIB 1 50 3 2.5 2.5 2.5 0 AA 18.359
1 IIB 1 50 3.25 2.5 2.5 2.5 0 AB 23.333
0 IIB 1 48 3.5 3 3 3 0 BB 27.015
1 IIB 1 48 3 2.5 2.5 2.5 0 AA 25.75
1 IIB 1 48 3.25 3 3 2.75 1 AA 22.309
0 IIB 1 47 3.25 2.75 2.75 2.5 0 BB 18.152
0 IIB 1 48 3 2.75 2.5 2.5 1 AA 23.417
0 IIB 1 47 3 2.5 2.5 2.5 1 AB 19.692
1 IIB 1 47 3.25 2.75 2.75 2.75 0 AA 23.584
1 IIB 1 46 2.25 2.25 2.25 2.5 1 AB 20.857
1 IIB 1 46 3 2.5 2.5 2.5 0 AB 20.817
1 IIB 1 47 3 3 3 3 1 AB 20.91
1 IIB 1 47 2.75 2.75 2.75 2.75 0 AA 18.126
1 IIB 1 45 3.25 2.75 3 3 0 AB 20.399
0 IIB 1 46 3 2.5 2.5 2.5 1 AB 22.864
1 IIB 1 47 3 3.25 3.25 3.25 0 AB 28.35
1 IIB 1 47 3.5 3.25 3 3 0 AB 22.948
1 IIB 1 46 2.5 2.25 2.25 2.5 0 AA 27.641
1 IIB 1 45 3.5 3 3 3 0 AA 20.92
0 IIB 1 46 3.5 3.25 3 3 1 AB 26.21
1 IIB 1 44 3 2.75 2.5 2.5 1 AB 23.294
0 IIB 1 44 2.5 2.5 2.5 2.5 1 BB 22.719
1 IIB 1 42 3.5 3.25 3 3 1 AB 13.4
1 IIB 1 36 2.75 2.75 2.75 2.75 0 AB 21.139
1 IIB 1 38 3.5 3.5 3.5 3 1 AA 19.948
1 IIB 1 39 3 2.5 2.75 2.75 0 AB 19.683
1 IIB 1 37 3 2.5 2.5 2.5 0 AB 22.179
1 IIB 1 36 2.75 2.75 3 3 0 AB 21.321
1 IIB 1 39 3.25 2.75 2.75 2.75 0 AA 26.228
1 IIB 1 36 2.75 2.5 2.75 3 0 AA 23.892
1 IIB 1 38 2.75 2.5 2.75 2.75 1 AB 18.917
1 IIB 1 36 2.5 2.75 2.75 2.75 1 AA 24.478
1 IIB 1 37 3 2.5 2.5 2.5 1 AA 24.856
1 IIB 1 38 2.75 2.75 2.75 2.75 0 AB 19.781
0 IIB 1 38 2.5 2.25 2.25 2.5 1 AA 22.952
0 IIB 1 37 2.75 2.75 2.5 2.5 1 BB 25.732
1 IIB 1 35 3.25 2.75 2.75 2.75 1 AB 28.999
1 IIB 1 84 3.25 2.75 2.75 2.5 0 AB 21.505
0 IIB 1 80 2.5 2.25 2.25 2.5 1 BB 19.165
0 IIB 1 79 2.5 2.5 2.25 2.75 0 BB 24.145
0 IIB 1 74 3 2.75 2.5 2.5 0 AB 28.629
0 IIB 1 72 3 2.5 2.5 2.75 0 AA 29.888
0 IIB 1 72 2.5 2.75 2.75 2.75 0 AA 25.018
1 IIB 1 71 3 2.75 2.75 2.75 1 AB 25.36
0 IIB 1 73 2.75 2.5 2.5 2.5 1 AA 31.354
0 IIB 1 70 3.25 2.75 2.5 2.5 1 AA 24.968
1 IIB 1 71 3 2.75 2.5 2.5 1 AB 25.416
1 IIB 1 69 3.25 3 2.75 2.75 1 AB 23.539
1 IIB 1 70 3 2.5 2.5 2.75 1 AA 26.066
0 IIB 1 68 2.5 2.75 2.5 3 0 BB 24.28
0 IIB 1 67 3.25 3 2.75 2.75 0 BB 21.167
1 IIB 1 67 3 2.75 2.75 2.75 1 AA 20.874
1 IIB 1 61 3.5 3.25 3 3 0 AA 14.819
1 IIB 1 62 3.25 2.75 2.75 3 1 AA 27.431
1 IIB 1 61 3 2.5 2.5 2.75 1 BB 24.11
1 IIB 1 61 3.25 2.75 2.75 3 0 AB 20.779
1 IIB 1 61 3.25 2.75 2.75 3 0 AB 23.44
1 IIB 1 63 3.25 2.75 2.75 3 0 AB 26.582
1 IIB 1 62 3.5 3 2.75 2.75 1 AB 24.226
1 IIB 1 61 3 2.5 2.5 2.75 0 AA 25.978
1 IIB 1 60 3.25 2.75 2.75 2.75 0 AA 23.199
1 IIB 1 60 3.25 3 2.75 2.75 1 AB 23.693
1 IIB 1 60 3 2.5 2.5 2.75 1 AB 26.882
1 IIB 1 61 3.25 2.75 2.75 2.5 0 AA 24.808
1 IIB 1 61 3.25 2.75 2.75 3 0 AB 24.638
1 IIB 1 59 3.5 3 3 3.25 0 AB 16.078
0 IIB 1 58 3 2.5 2.5 2.75 0 AB 25.531
1 IIB 1 59 3.25 3 3 3 0 AA 26.045
1 IIB 1 49 3.25 2.75 2.75 2.75 0 AB 22.044
1 IJN 0 44 3 2.75 2.75 2.75 0 BB 15.36
1 IJN 0 37 2.5 2.75 2.75 2.75 0 BB 23.231
0 IJN 0 37 2.75 2.5 2.5 2.5 1 AB 23.529
1 IJN 0 37 2.75 2.5 2.5 2.5 0 AA 25.701
1 IJN 0 38 3.5 2.5 2.5 2.75 1 AB 32.195
1 IJN 0 37 3 2.5 2.5 2.75 0 AB 25.359
1 IJN 0 36 3.25 2.75 2.75 2.75 0 BB 24.849
1 IJN 0 36 3.25 3 3 3 0 AB 28.293
1 IJN 0 36 2.5 2.5 2.5 2.5 0 AB 21.208
1 IJN 0 37 3.5 2.75 3 2.75 0 AB 23.259
1 IJN 0 36 3.25 2.5 2.5 2.5 0 BB 28.03
1 IJN 0 36 2.75 3 3 2.75 0 BB 28.685
0 IJN 0 36 3 2.75 2.75 2.75 0 AB 18.981
1 IJN 0 35 2.75 2.5 2.5 2.5 1 AA 19.971
1 IJN 0 36 2.75 2.75 2.75 2.75 1 AB 25.645
0 IJN 0 36 3.5 2.75 2.75 2.75 0 AB 20.989
1 IJN 0 35 3.5 2.75 2.75 2.75 0 AA 25.756
1 IJN 0 35 3.25 3 3 2.5 0 BB 27.458
1 IJN 0 35 2.75 3 3 3 0 AB 26.405
1 IJN 0 35 3 2.5 2.5 2.5 0 AB 30.774
1 IJN 0 35 2.75 2.5 2.5 2.5 0 BB 20.271
1 IJN 0 35 3.5 3.25 3.25 3.25 0 AA 23.282
0 IJN 0 34 2.25 2.75 2.75 2.75 0 AB 22.315
0 IJN 0 35 3.25 2.75 2.75 2.5 0 AB 25.708
1 IJN 0 34 3.25 3 3 3 0 BB 23.498
1 IJN 0 35 3 2.75 2.75 3 0 AB 24.668
1 IJN 0 35 2.75 2.5 2.5 2.5 1 AB 24.109
1 IJN 0 34 2.5 2.5 2.5 2.5 0 BB 28.23
1 IJN 0 34 2.75 2.5 2.5 2.5 0 AB 27.225
1 IJN 0 34 2.5 2.5 2.5 2.5 0 AA 26.286
1 IJN 0 34 3 3 3 3 0 AA 26.769
1 IJN 0 34 2.5 2.5 2.5 2.75 0 AB 20.795
1 IJN 0 34 2.5 2.75 2.75 2.75 0 AB 16.785
1 IJN 0 34 3.25 3 3 2.75 1 BB 25.432
1 IJN 0 33 2.5 2.5 2.5 2.75 0 AA 22.124
1 IJN 0 33 3.25 2.75 2.75 2.75 1 AB 23.766
1 IJN 0 33 2.75 3 3 2.75 0 BB 21.498
1 IJN 0 33 2.75 2.5 2.5 2.75 0 AB 15.948
1 IJN 0 34 3.25 2.5 2.75 2.75 0 BB 24.194
1 IJN 0 33 2.5 2.5 3 3 0 BB 18.822
1 IJN 0 34 3.5 2.5 3 2.75 1 AB 26.661
1 IJN 0 34 3.25 3 3 3 0 AA 21.717
1 IJN 0 33 3.25 3 3 3 0 AA 19.83
1 IJN 0 33 3.5 2.75 2.75 2.75 0 BB 25.776
1 IJN 0 32 3 3 3 3 0 AA 22.458
1 IJN 0 32 3 2.75 2.75 2.75 0 BB 26
1 IJN 0 32 3 2.75 2.75 2.5 0 AB 18.597
1 IJN 0 32 2.5 3 3 3 0 AA 25.224
1 IJN 0 32 2.5 2.5 2.5 2.5 0 BB 21.588
1 IJN 0 32 3 2.75 2.75 2.75 0 AB 25.041
1 IJN 0 31 2.75 2.75 3 3 0 BB 24.463
1 IJN 0 33 3 2.75 2.75 2.75 1 AA 18.806
1 IJN 0 31 2.5 2.5 2.5 2.5 0 BB 26.626
1 IJN 0 31 3 3 3 3 0 AB 21.341
1 IJN 0 31 2.5 3 3 2.75 0 AA 22.999
1 IJN 0 31 3 2.75 2.75 2.5 1 AA 22.782
1 IJN 0 30 2.75 2.75 2.75 2.75 0 BB 22.585
1 IJN 0 31 2.75 2.75 2.75 2.75 1 AA 21.837
1 IJN 0 27 2.75 2.75 2.75 2.75 0 AB 29.486
1 IJN 0 26 3.25 2.75 3 3 0 AB 23.889
1 IJN 0 26 3.25 3.25 3.25 3.25 0 AB 14.045
1 IJN 0 25 2.75 2.5 2.5 2.75 0 BB 16.58
1 IJN 0 24 2.75 2.75 2.75 2.75 0 AB 23.949
1 IJN 0 24 3 2.5 2.5 2.5 0 AB 16.488
1 IJN 0 25 3.25 2.5 2.75 2.75 0 BB 30.498
0 IJN 0 24 2.75 2.5 2.5 2.75 1 AA 17.936
1 IJN 0 25 3 2.75 2.75 2.5 0 AB 25.446
1 IJN 0 23 3 2.75 2.75 2.75 0 BB 27.563
1 IJN 1 68 3 2.5 2.5 2.5 1 AB 15.395
1 IJN 1 61 3 2.5 2.75 2.75 0 AA 32.538
1 IJN 1 60 3 2.75 2.75 2.75 1 AA 31.304
1 IJN 1 59 2.75 2.5 2.5 3 0 AA 18.272
1 IJN 1 59 2.5 2.75 2.75 2.75 1 AB 23.346
1 IJN 1 59 3 3 3 3 1 AA 33.518
1 IJN 1 58 2.5 2.5 2.5 3 0 AB 28.23
1 IJN 1 58 2.75 3 2.5 2.5 0 AB 30.709
1 IJN 1 59 2.75 3 3 3 0 AA 32.773
1 IJN 1 57 2.75 2.75 3 3 0 BB 33.075
1 IJN 1 56 2.75 2.75 2.75 2.75 0 AB 33.332
1 IJN 1 56 3.5 3.25 3.25 3.25 1 AA 28.286
1 IJN 1 51 3.25 2.5 2.5 2.5 0 AA 30.154
1 IJN 1 50 3 2.75 2.75 2.75 0 BB 38.25
1 IJN 1 48 2.75 2.75 3 3 0 AB 22.656
1 IJN 1 51 3.25 2.5 2.5 2.5 0 AA 35.793
1 IJN 1 48 2.5 2.5 2.5 3 0 AB 22.068
1 IJN 1 48 2.75 2.5 2.75 2.75 1 AA 26.835
1 IJN 1 50 2.75 2.5 2.5 2.5 0 AB 32.786
1 IJN 1 49 3.25 3 3 2.5 0 AA 33.116
0 IJN 1 48 2.75 2.25 2.5 2.5 0 AA 22.361
0 IJN 1 48 2.75 2.25 2.75 2.75 1 AB 25.068
1 IJN 1 50 3.25 2.5 2.5 2.5 0 AB 30.388
1 IJN 1 49 3 2.5 2.75 2.75 0 BB 33.066
1 IJN 1 48 2.5 2.25 2.75 2.75 0 BB 31.211
1 IJN 1 48 3 2.5 2.5 2.75 0 AB 35.706
1 IJN 1 49 2.5 2.5 2.5 2.5 0 BB 26.286
1 IJN 1 48 2.75 2.5 2.5 2.5 0 AB 30.466
1 IJN 1 48 2.5 2.75 2.75 2.75 0 AB 26.436
1 IJN 1 47 2.25 2.25 2.5 2.5 1 AB 19.904
1 IJN 1 47 2.25 2.5 2.5 2.75 0 AA 26.568
1 IJN 1 48 2.5 2.5 2.75 2.75 1 AA 31.934
0 IJN 1 49 2.5 2.75 2.5 2.5 0 BB 34.855
1 IJN 1 49 3 2.75 2.75 2.75 0 BB 31.205
1 IJN 1 48 2.75 2.75 2.75 2.75 0 AB 28.714
1 IJN 1 49 3 2.5 2.5 2.5 0 BB 30.287
1 IJN 1 48 2.75 2.5 2.5 2.75 1 BB 30.718
1 IJN 1 49 2.75 2.5 2.5 2.75 0 AB 39.085
1 IJN 1 47 3 2.75 2.75 2.75 0 AB 25.136
1 IJN 1 47 2.75 2.75 2.75 2.5 0 AA 22.547
1 IJN 1 48 3.25 2.75 2.75 2.5 1 AA 30.389
0 IJN 1 47 2.5 2.75 2.75 2.75 0 AB 29.157
1 IJN 1 47 3 3 2.75 2.75 1 AB 26.991
0 IJN 1 48 3.25 2.5 2.5 2.5 0 AB 37.327
1 IJN 1 47 3.25 2.5 2.75 2.5 1 AB 28.373
1 IJN 1 46 3 2.5 3 3 0 AB 32.023
1 IJN 1 48 3.25 3 3 2.5 1 AB 33.086
1 IJN 1 48 3.25 2.75 2.75 2.75 0 AA 30.521
1 IJN 1 46 2.5 2.75 2.75 2.75 0 AA 24.398
0 IJN 1 45 2.75 2.5 2.5 2.5 1 AB 18.749
1 IJN 1 46 3 2.75 2.75 2.5 1 AB 26.98
1 IJN 1 44 2.75 2.5 2.5 2.5 0 BB 25.536
1 IJN 1 44 2.25 2.25 2.5 3 0 AB 20.868
1 IJN 1 45 2.75 2.5 2.5 2.75 0 AA 38.403
1 IJN 1 44 3 2.75 2.75 2.75 1 AB 30.154
0 IJN 1 45 3 2.75 2.75 2.75 0 AB 38.159
1 IJN 1 84 3 2.75 2.75 2.75 0 AA 32.259
1 IJN 1 73 3.5 3.25 3.25 2.75 1 AB 25.344
1 IJN 1 73 2.75 2.75 2.75 3 0 AB 38.793
1 IJN 1 72 3 2.5 2.5 2.5 1 AB 25.423
1 IJN 1 72 3 2.5 2.5 2.5 0 AB 40.193
1 IJN 1 72 3 3 3 2.75 1 AB 35.985
1 IJN 1 73 2.75 2.5 2.5 2.5 1 AB 39.432
1 IJN 1 72 3.25 3 3 2.75 1 BB 31.626
1 IJN 1 72 3.25 2.5 2.5 2.5 0 AB 35.966
1 IJN 1 70 3.25 3 3.25 3.25 0 AA 32.383
0 IJN 1 71 3 2.5 2.75 2.75 0 AB 37.886
1 IJN 1 70 2.75 2.5 2.5 2.5 0 AA 33.232
1 IJN 1 70 2.5 2.5 2.5 2.75 0 AA 23.805
1 IJN 1 69 3 2.75 2.75 2.5 1 AA 30.021
1 IJN 1 69 3.25 3 3 2.5 1 AB 21.127
1 IJN 1 69 2.75 2.5 2.5 2.5 0 AB 30.872
0 IJN 1 69 3.25 3 2.75 2.75 0 BB 32.064
1 IJN 1 69 3 2.75 2.75 2.5 0 BB 31.336
1 IJN 1 68 3.5 3.25 3.25 3 0 AB 36.297
1 IJN 1 61 2.5 2.75 2.75 2.75 1 AB 37.147
0 IJN 1 62 2.5 2.25 2.25 2.5 0 AA 38.953
1 IJN 1 60 2.75 2.5 2.5 2.5 0 AB 32.633
1 IJN 1 60 2.75 2.5 2.5 2.5 0 AB 33.6
1 IJN 1 61 2.75 2.5 2.5 2.5 0 AA 32.823
1 IJN 1 62 3.25 2.75 2.75 2.75 1 AB 34.101
1 IJN 1 61 3 2.75 2.75 3 1 AB 26.301
1 IJN 1 60 3.5 3 3.25 3.25 0 BB 26.77
1 IJN 1 59 3.25 3 3 3 1 AA 33.375
1 IJN 1 59 3.5 2.75 2.75 3 0 AB 34.294
1 IJN 1 59 3 2.75 2.75 2.75 0 AA 37.104
1 IJN 1 58 3.25 3 3 3 1 AA 25.258
0 IJN 1 59 2.5 2.25 2.25 2.25 1 AA 14.4
1 IJN 1 59 3.5 3.25 3.25 3.5 0 AB 27.1
1 IJN 1 58 3.5 2.5 2.5 2.75 0 AB 43.46
1 IJN 1 57 3.25 2.75 2.75 2.75 0 AB 33.775
0 IJN 1 57 3 2.75 2.75 2.75 1 AB 24.965
1 IJN 1 56 3.5 3.25 3.25 3.25 0 AA 28.691